{"1": [{"img_id": "0", "img_name": "./templates/ycbv_single/obj_1/000000.png", "mask_name": "./templates/ycbv_single/obj_1/mask_000000.png", "obj_id": "1", "bbox_obj": [240, 168, 147, 147], "cam_R_m2c": [[-1.0, 0.0, 0.0], [0.0, -1.0, 0.0], [0.0, 0.0, 1.0]], "cam_t_m2c": [-0.0, -0.0, 800.0], "model_path": "./templates/ycbv_single/models/obj_000001.ply", "model_info": {"diameter": 172.063, "min_x": -51.1445, "min_y": -51.223, "min_z": -70.072, "size_x": 102.289, "size_y": 102.446, "size_z": 140.144, "symmetries_discrete": [[-1, -4.31991e-14, 0, 0, 4.31991e-14, -1, 0, 0, 0, 0, 1, 0, 0, 0, 0, 1]]}, "cam_K": [[1066.778, 0.0, 312.9869], [0.0, 1067.487, 241.3109], [0.0, 0.0, 1.0]], "img_crop": "./templates/ycbv_single_desc/obj_1/000000.png", "img_desc": "./templates/ycbv_single_desc/obj_1/000000.npy", "uv_crop": "./templates/ycbv_single_desc/obj_1/000000_uv.npy"}, {"img_id": "1", "img_name": "./templates/ycbv_single/obj_1/000001.png", "mask_name": "./templates/ycbv_single/obj_1/mask_000001.png", "obj_id": "1", "bbox_obj": [240, 168, 147, 160], "cam_R_m2c": [[0.951058058530591, -0.3090122478220288, 0.0], [0.3060578178424766, 0.9419651036065655, -0.1379505553630497], [0.042628411201033216, 0.13119898735679886, 0.9904391168946359]], "cam_t_m2c": [-5.684341886080802e-15, -0.0, 800.0000000485988], "model_path": "./templates/ycbv_single/models/obj_000001.ply", "model_info": {"diameter": 172.063, "min_x": -51.1445, "min_y": -51.223, "min_z": -70.072, "size_x": 102.289, "size_y": 102.446, "size_z": 140.144, "symmetries_discrete": [[-1, -4.31991e-14, 0, 0, 4.31991e-14, -1, 0, 0, 0, 0, 1, 0, 0, 0, 0, 1]]}, "cam_K": [[1066.778, 0.0, 312.9869], [0.0, 1067.487, 241.3109], [0.0, 0.0, 1.0]], "img_crop": "./templates/ycbv_single_desc/obj_1/000001.png", "img_desc": "./templates/ycbv_single_desc/obj_1/000001.npy", "uv_crop": "./templates/ycbv_single_desc/obj_1/000001_uv.npy"}, {"img_id": "2", "img_name": "./templates/ycbv_single/obj_1/000002.png", "mask_name": "./templates/ycbv_single/obj_1/mask_000002.png", "obj_id": "1", "bbox_obj": [241, 168, 146, 160], "cam_R_m2c": [[-0.951058058530591, -0.3090122478220288, -0.0], [0.3060578178424766, -0.9419651036065655, -0.1379505553630497], [0.042628411201033216, -0.13119898735679886, 0.9904391168946359]], "cam_t_m2c": [5.684341886080802e-15, -0.0, 800.0000000485988], "model_path": "./templates/ycbv_single/models/obj_000001.ply", "model_info": {"diameter": 172.063, "min_x": -51.1445, "min_y": -51.223, "min_z": -70.072, "size_x": 102.289, "size_y": 102.446, "size_z": 140.144, "symmetries_discrete": [[-1, -4.31991e-14, 0, 0, 4.31991e-14, -1, 0, 0, 0, 0, 1, 0, 0, 0, 0, 1]]}, "cam_K": [[1066.778, 0.0, 312.9869], [0.0, 1067.487, 241.3109], [0.0, 0.0, 1.0]], "img_crop": "./templates/ycbv_single_desc/obj_1/000002.png", "img_desc": "./templates/ycbv_single_desc/obj_1/000002.npy", "uv_crop": "./templates/ycbv_single_desc/obj_1/000002_uv.npy"}, {"img_id": "3", "img_name": "./templates/ycbv_single/obj_1/000003.png", "mask_name": "./templates/ycbv_single/obj_1/mask_000003.png", "obj_id": "1", "bbox_obj": [240, 168, 147, 160], "cam_R_m2c": [[-0.5877807533705696, 0.8090202630139283, 0.0], [-0.8012853046325868, -0.582161042873162, -0.13795064603217758], [-0.1116048679358936, -0.0810847346527501, 0.9904391042660344]], "cam_t_m2c": [-0.0, -2.2737367544323207e-14, 800.0000102490048], "model_path": "./templates/ycbv_single/models/obj_000001.ply", "model_info": {"diameter": 172.063, "min_x": -51.1445, "min_y": -51.223, "min_z": -70.072, "size_x": 102.289, "size_y": 102.446, "size_z": 140.144, "symmetries_discrete": [[-1, -4.31991e-14, 0, 0, 4.31991e-14, -1, 0, 0, 0, 0, 1, 0, 0, 0, 0, 1]]}, "cam_K": [[1066.778, 0.0, 312.9869], [0.0, 1067.487, 241.3109], [0.0, 0.0, 1.0]], "img_crop": "./templates/ycbv_single_desc/obj_1/000003.png", "img_desc": "./templates/ycbv_single_desc/obj_1/000003.npy", "uv_crop": "./templates/ycbv_single_desc/obj_1/000003_uv.npy"}, {"img_id": "4", "img_name": "./templates/ycbv_single/obj_1/000004.png", "mask_name": "./templates/ycbv_single/obj_1/mask_000004.png", "obj_id": "1", "bbox_obj": [240, 168, 147, 160], "cam_R_m2c": [[0.5877807533705696, 0.8090202630139283, 0.0], [-0.8012853046325868, 0.582161042873162, -0.13795064603217758], [-0.1116048679358936, 0.0810847346527501, 0.9904391042660344]], "cam_t_m2c": [-0.0, -2.2737367544323207e-14, 800.0000102490048], "model_path": "./templates/ycbv_single/models/obj_000001.ply", "model_info": {"diameter": 172.063, "min_x": -51.1445, "min_y": -51.223, "min_z": -70.072, "size_x": 102.289, "size_y": 102.446, "size_z": 140.144, "symmetries_discrete": [[-1, -4.31991e-14, 0, 0, 4.31991e-14, -1, 0, 0, 0, 0, 1, 0, 0, 0, 0, 1]]}, "cam_K": [[1066.778, 0.0, 312.9869], [0.0, 1067.487, 241.3109], [0.0, 0.0, 1.0]], "img_crop": "./templates/ycbv_single_desc/obj_1/000004.png", "img_desc": "./templates/ycbv_single_desc/obj_1/000004.npy", "uv_crop": "./templates/ycbv_single_desc/obj_1/000004_uv.npy"}, {"img_id": "5", "img_name": "./templates/ycbv_single/obj_1/000005.png", "mask_name": "./templates/ycbv_single/obj_1/mask_000005.png", "obj_id": "1", "bbox_obj": [240, 168, 147, 159], "cam_R_m2c": [[0.0, -1.0, 0.0], [0.990438938517924, 0.0, -0.1379518360424696], [0.13795183604246958, 0.0, 0.9904389385179238]], "cam_t_m2c": [-0.0, -0.0, 799.9999996954444], "model_path": "./templates/ycbv_single/models/obj_000001.ply", "model_info": {"diameter": 172.063, "min_x": -51.1445, "min_y": -51.223, "min_z": -70.072, "size_x": 102.289, "size_y": 102.446, "size_z": 140.144, "symmetries_discrete": [[-1, -4.31991e-14, 0, 0, 4.31991e-14, -1, 0, 0, 0, 0, 1, 0, 0, 0, 0, 1]]}, "cam_K": [[1066.778, 0.0, 312.9869], [0.0, 1067.487, 241.3109], [0.0, 0.0, 1.0]], "img_crop": "./templates/ycbv_single_desc/obj_1/000005.png", "img_desc": "./templates/ycbv_single_desc/obj_1/000005.npy", "uv_crop": "./templates/ycbv_single_desc/obj_1/000005_uv.npy"}, {"img_id": "6", "img_name": "./templates/ycbv_single/obj_1/000006.png", "mask_name": "./templates/ycbv_single/obj_1/mask_000006.png", "obj_id": "1", "bbox_obj": [240, 161, 147, 173], "cam_R_m2c": [[-0.9510548116390578, 0.309022240717713, 0.0], [-0.30117094366748987, -0.9268914575067472, -0.2239827865963175], [-0.06921566259619137, -0.21301990691675204, 0.9745931003801271]], "cam_t_m2c": [-0.0, -2.2737367544323207e-14, 800.0000020946992], "model_path": "./templates/ycbv_single/models/obj_000001.ply", "model_info": {"diameter": 172.063, "min_x": -51.1445, "min_y": -51.223, "min_z": -70.072, "size_x": 102.289, "size_y": 102.446, "size_z": 140.144, "symmetries_discrete": [[-1, -4.31991e-14, 0, 0, 4.31991e-14, -1, 0, 0, 0, 0, 1, 0, 0, 0, 0, 1]]}, "cam_K": [[1066.778, 0.0, 312.9869], [0.0, 1067.487, 241.3109], [0.0, 0.0, 1.0]], "img_crop": "./templates/ycbv_single_desc/obj_1/000006.png", "img_desc": "./templates/ycbv_single_desc/obj_1/000006.npy", "uv_crop": "./templates/ycbv_single_desc/obj_1/000006_uv.npy"}, {"img_id": "7", "img_name": "./templates/ycbv_single/obj_1/000007.png", "mask_name": "./templates/ycbv_single/obj_1/mask_000007.png", "obj_id": "1", "bbox_obj": [240, 161, 146, 173], "cam_R_m2c": [[0.9510548116390578, 0.309022240717713, 0.0], [-0.30117094366748987, 0.9268914575067472, -0.2239827865963175], [-0.06921566259619137, 0.21301990691675204, 0.9745931003801271]], "cam_t_m2c": [-0.0, -2.2737367544323207e-14, 800.0000020946992], "model_path": "./templates/ycbv_single/models/obj_000001.ply", "model_info": {"diameter": 172.063, "min_x": -51.1445, "min_y": -51.223, "min_z": -70.072, "size_x": 102.289, "size_y": 102.446, "size_z": 140.144, "symmetries_discrete": [[-1, -4.31991e-14, 0, 0, 4.31991e-14, -1, 0, 0, 0, 0, 1, 0, 0, 0, 0, 1]]}, "cam_K": [[1066.778, 0.0, 312.9869], [0.0, 1067.487, 241.3109], [0.0, 0.0, 1.0]], "img_crop": "./templates/ycbv_single_desc/obj_1/000007.png", "img_desc": "./templates/ycbv_single_desc/obj_1/000007.npy", "uv_crop": "./templates/ycbv_single_desc/obj_1/000007_uv.npy"}, {"img_id": "8", "img_name": "./templates/ycbv_single/obj_1/000008.png", "mask_name": "./templates/ycbv_single/obj_1/mask_000008.png", "obj_id": "1", "bbox_obj": [240, 161, 147, 173], "cam_R_m2c": [[0.5877845792268381, -0.8090174833853275, 0.0], [0.7884627425885781, 0.5728507120132668, -0.22398340406287012], [0.18120648987502216, 0.131653990910889, 0.9745929584726175]], "cam_t_m2c": [-0.0, -2.2737367544323207e-14, 800.0000207266586], "model_path": "./templates/ycbv_single/models/obj_000001.ply", "model_info": {"diameter": 172.063, "min_x": -51.1445, "min_y": -51.223, "min_z": -70.072, "size_x": 102.289, "size_y": 102.446, "size_z": 140.144, "symmetries_discrete": [[-1, -4.31991e-14, 0, 0, 4.31991e-14, -1, 0, 0, 0, 0, 1, 0, 0, 0, 0, 1]]}, "cam_K": [[1066.778, 0.0, 312.9869], [0.0, 1067.487, 241.3109], [0.0, 0.0, 1.0]], "img_crop": "./templates/ycbv_single_desc/obj_1/000008.png", "img_desc": "./templates/ycbv_single_desc/obj_1/000008.npy", "uv_crop": "./templates/ycbv_single_desc/obj_1/000008_uv.npy"}, {"img_id": "9", "img_name": "./templates/ycbv_single/obj_1/000009.png", "mask_name": "./templates/ycbv_single/obj_1/mask_000009.png", "obj_id": "1", "bbox_obj": [240, 161, 147, 173], "cam_R_m2c": [[-0.5877845792268381, -0.8090174833853275, -0.0], [0.7884627425885781, -0.5728507120132668, -0.22398340406287012], [0.18120648987502216, -0.131653990910889, 0.9745929584726175]], "cam_t_m2c": [-0.0, -2.2737367544323207e-14, 800.0000207266586], "model_path": "./templates/ycbv_single/models/obj_000001.ply", "model_info": {"diameter": 172.063, "min_x": -51.1445, "min_y": -51.223, "min_z": -70.072, "size_x": 102.289, "size_y": 102.446, "size_z": 140.144, "symmetries_discrete": [[-1, -4.31991e-14, 0, 0, 4.31991e-14, -1, 0, 0, 0, 0, 1, 0, 0, 0, 0, 1]]}, "cam_K": [[1066.778, 0.0, 312.9869], [0.0, 1067.487, 241.3109], [0.0, 0.0, 1.0]], "img_crop": "./templates/ycbv_single_desc/obj_1/000009.png", "img_desc": "./templates/ycbv_single_desc/obj_1/000009.npy", "uv_crop": "./templates/ycbv_single_desc/obj_1/000009_uv.npy"}, {"img_id": "10", "img_name": "./templates/ycbv_single/obj_1/000010.png", "mask_name": "./templates/ycbv_single/obj_1/mask_000010.png", "obj_id": "1", "bbox_obj": [240, 161, 147, 174], "cam_R_m2c": [[0.0, 1.0, 0.0], [-0.97459287829839, 0.0, -0.22398375291538322], [-0.22398375291538322, 0.0, 0.97459287829839]], "cam_t_m2c": [-0.0, -2.2737367544323207e-14, 799.9999886845118], "model_path": "./templates/ycbv_single/models/obj_000001.ply", "model_info": {"diameter": 172.063, "min_x": -51.1445, "min_y": -51.223, "min_z": -70.072, "size_x": 102.289, "size_y": 102.446, "size_z": 140.144, "symmetries_discrete": [[-1, -4.31991e-14, 0, 0, 4.31991e-14, -1, 0, 0, 0, 0, 1, 0, 0, 0, 0, 1]]}, "cam_K": [[1066.778, 0.0, 312.9869], [0.0, 1067.487, 241.3109], [0.0, 0.0, 1.0]], "img_crop": "./templates/ycbv_single_desc/obj_1/000010.png", "img_desc": "./templates/ycbv_single_desc/obj_1/000010.npy", "uv_crop": "./templates/ycbv_single_desc/obj_1/000010_uv.npy"}, {"img_id": "11", "img_name": "./templates/ycbv_single/obj_1/000011.png", "mask_name": "./templates/ycbv_single/obj_1/mask_000011.png", "obj_id": "1", "bbox_obj": [240, 158, 147, 180], "cam_R_m2c": [[0.9510580577117116, -0.3090122503423235, 0.0], [0.29725102418829313, 0.9148601112226358, -0.27326325313279376], [0.08444169278642857, 0.2598892187684586, 0.9619392883583052]], "cam_t_m2c": [-0.0, -0.0, 799.9999891106931], "model_path": "./templates/ycbv_single/models/obj_000001.ply", "model_info": {"diameter": 172.063, "min_x": -51.1445, "min_y": -51.223, "min_z": -70.072, "size_x": 102.289, "size_y": 102.446, "size_z": 140.144, "symmetries_discrete": [[-1, -4.31991e-14, 0, 0, 4.31991e-14, -1, 0, 0, 0, 0, 1, 0, 0, 0, 0, 1]]}, "cam_K": [[1066.778, 0.0, 312.9869], [0.0, 1067.487, 241.3109], [0.0, 0.0, 1.0]], "img_crop": "./templates/ycbv_single_desc/obj_1/000011.png", "img_desc": "./templates/ycbv_single_desc/obj_1/000011.npy", "uv_crop": "./templates/ycbv_single_desc/obj_1/000011_uv.npy"}, {"img_id": "12", "img_name": "./templates/ycbv_single/obj_1/000012.png", "mask_name": "./templates/ycbv_single/obj_1/mask_000012.png", "obj_id": "1", "bbox_obj": [241, 158, 145, 180], "cam_R_m2c": [[-0.9510580577117116, -0.3090122503423235, -0.0], [0.29725102418829313, -0.9148601112226358, -0.27326325313279376], [0.08444169278642857, -0.2598892187684586, 0.9619392883583052]], "cam_t_m2c": [-0.0, -0.0, 799.9999891106931], "model_path": "./templates/ycbv_single/models/obj_000001.ply", "model_info": {"diameter": 172.063, "min_x": -51.1445, "min_y": -51.223, "min_z": -70.072, "size_x": 102.289, "size_y": 102.446, "size_z": 140.144, "symmetries_discrete": [[-1, -4.31991e-14, 0, 0, 4.31991e-14, -1, 0, 0, 0, 0, 1, 0, 0, 0, 0, 1]]}, "cam_K": [[1066.778, 0.0, 312.9869], [0.0, 1067.487, 241.3109], [0.0, 0.0, 1.0]], "img_crop": "./templates/ycbv_single_desc/obj_1/000012.png", "img_desc": "./templates/ycbv_single_desc/obj_1/000012.npy", "uv_crop": "./templates/ycbv_single_desc/obj_1/000012_uv.npy"}, {"img_id": "13", "img_name": "./templates/ycbv_single/obj_1/000013.png", "mask_name": "./templates/ycbv_single/obj_1/mask_000013.png", "obj_id": "1", "bbox_obj": [240, 157, 147, 181], "cam_R_m2c": [[-0.5877807640020354, 0.8090202552898065, 0.0], [-0.7782283255506989, -0.565409378528298, -0.2732634406260734], [-0.22107565849667676, -0.16061899390501824, 0.9619392350960639]], "cam_t_m2c": [-2.2737367544323207e-14, 4.5474735088646414e-14, 799.9999838360113], "model_path": "./templates/ycbv_single/models/obj_000001.ply", "model_info": {"diameter": 172.063, "min_x": -51.1445, "min_y": -51.223, "min_z": -70.072, "size_x": 102.289, "size_y": 102.446, "size_z": 140.144, "symmetries_discrete": [[-1, -4.31991e-14, 0, 0, 4.31991e-14, -1, 0, 0, 0, 0, 1, 0, 0, 0, 0, 1]]}, "cam_K": [[1066.778, 0.0, 312.9869], [0.0, 1067.487, 241.3109], [0.0, 0.0, 1.0]], "img_crop": "./templates/ycbv_single_desc/obj_1/000013.png", "img_desc": "./templates/ycbv_single_desc/obj_1/000013.npy", "uv_crop": "./templates/ycbv_single_desc/obj_1/000013_uv.npy"}, {"img_id": "14", "img_name": "./templates/ycbv_single/obj_1/000014.png", "mask_name": "./templates/ycbv_single/obj_1/mask_000014.png", "obj_id": "1", "bbox_obj": [240, 157, 147, 181], "cam_R_m2c": [[0.5877807640020354, 0.8090202552898065, 0.0], [-0.7782283255506989, 0.565409378528298, -0.2732634406260734], [-0.22107565849667676, 0.16061899390501824, 0.9619392350960639]], "cam_t_m2c": [2.2737367544323207e-14, 4.5474735088646414e-14, 799.9999838360113], "model_path": "./templates/ycbv_single/models/obj_000001.ply", "model_info": {"diameter": 172.063, "min_x": -51.1445, "min_y": -51.223, "min_z": -70.072, "size_x": 102.289, "size_y": 102.446, "size_z": 140.144, "symmetries_discrete": [[-1, -4.31991e-14, 0, 0, 4.31991e-14, -1, 0, 0, 0, 0, 1, 0, 0, 0, 0, 1]]}, "cam_K": [[1066.778, 0.0, 312.9869], [0.0, 1067.487, 241.3109], [0.0, 0.0, 1.0]], "img_crop": "./templates/ycbv_single_desc/obj_1/000014.png", "img_desc": "./templates/ycbv_single_desc/obj_1/000014.npy", "uv_crop": "./templates/ycbv_single_desc/obj_1/000014_uv.npy"}, {"img_id": "15", "img_name": "./templates/ycbv_single/obj_1/000015.png", "mask_name": "./templates/ycbv_single/obj_1/mask_000015.png", "obj_id": "1", "bbox_obj": [240, 157, 147, 181], "cam_R_m2c": [[0.0, -1.0, 0.0], [0.9619385778400644, 0.0, -0.27326575428149513], [0.27326575428149513, 0.0, 0.9619385778400644]], "cam_t_m2c": [-0.0, 4.5474735088646414e-14, 799.9999851707275], "model_path": "./templates/ycbv_single/models/obj_000001.ply", "model_info": {"diameter": 172.063, "min_x": -51.1445, "min_y": -51.223, "min_z": -70.072, "size_x": 102.289, "size_y": 102.446, "size_z": 140.144, "symmetries_discrete": [[-1, -4.31991e-14, 0, 0, 4.31991e-14, -1, 0, 0, 0, 0, 1, 0, 0, 0, 0, 1]]}, "cam_K": [[1066.778, 0.0, 312.9869], [0.0, 1067.487, 241.3109], [0.0, 0.0, 1.0]], "img_crop": "./templates/ycbv_single_desc/obj_1/000015.png", "img_desc": "./templates/ycbv_single_desc/obj_1/000015.npy", "uv_crop": "./templates/ycbv_single_desc/obj_1/000015_uv.npy"}, {"img_id": "16", "img_name": "./templates/ycbv_single/obj_1/000016.png", "mask_name": "./templates/ycbv_single/obj_1/mask_000016.png", "obj_id": "1", "bbox_obj": [240, 152, 146, 191], "cam_R_m2c": [[0.9969368234104186, 0.07821106141936679, 0.0], [-0.07334528492812155, 0.9349139883973913, -0.3472121879740043], [-0.027155833759187578, 0.346148615728185, 0.9377865943391944]], "cam_t_m2c": [2.842170943040401e-15, 4.5474735088646414e-14, 799.9999870272284], "model_path": "./templates/ycbv_single/models/obj_000001.ply", "model_info": {"diameter": 172.063, "min_x": -51.1445, "min_y": -51.223, "min_z": -70.072, "size_x": 102.289, "size_y": 102.446, "size_z": 140.144, "symmetries_discrete": [[-1, -4.31991e-14, 0, 0, 4.31991e-14, -1, 0, 0, 0, 0, 1, 0, 0, 0, 0, 1]]}, "cam_K": [[1066.778, 0.0, 312.9869], [0.0, 1067.487, 241.3109], [0.0, 0.0, 1.0]], "img_crop": "./templates/ycbv_single_desc/obj_1/000016.png", "img_desc": "./templates/ycbv_single_desc/obj_1/000016.npy", "uv_crop": "./templates/ycbv_single_desc/obj_1/000016_uv.npy"}, {"img_id": "17", "img_name": "./templates/ycbv_single/obj_1/000017.png", "mask_name": "./templates/ycbv_single/obj_1/mask_000017.png", "obj_id": "1", "bbox_obj": [240, 152, 147, 191], "cam_R_m2c": [[-0.9969368200641476, 0.07821110407343226, 0.0], [-0.0733453248988529, -0.934913984880987, -0.34721218899893963], [-0.0271558486493603, -0.3461486155881147, 0.9377865939597158]], "cam_t_m2c": [-0.0, -0.0, 799.9999873509513], "model_path": "./templates/ycbv_single/models/obj_000001.ply", "model_info": {"diameter": 172.063, "min_x": -51.1445, "min_y": -51.223, "min_z": -70.072, "size_x": 102.289, "size_y": 102.446, "size_z": 140.144, "symmetries_discrete": [[-1, -4.31991e-14, 0, 0, 4.31991e-14, -1, 0, 0, 0, 0, 1, 0, 0, 0, 0, 1]]}, "cam_K": [[1066.778, 0.0, 312.9869], [0.0, 1067.487, 241.3109], [0.0, 0.0, 1.0]], "img_crop": "./templates/ycbv_single_desc/obj_1/000017.png", "img_desc": "./templates/ycbv_single_desc/obj_1/000017.npy", "uv_crop": "./templates/ycbv_single_desc/obj_1/000017_uv.npy"}, {"img_id": "18", "img_name": "./templates/ycbv_single/obj_1/000018.png", "mask_name": "./templates/ycbv_single/obj_1/mask_000018.png", "obj_id": "1", "bbox_obj": [240, 152, 146, 191], "cam_R_m2c": [[0.8525044470484261, 0.522719970694307, 0.0], [-0.4901997662769545, 0.7994672178645236, -0.3472122646191774], [-0.18149478478644038, 0.29599999965760365, 0.937786565961585]], "cam_t_m2c": [-0.0, -0.0, 800.0000112353881], "model_path": "./templates/ycbv_single/models/obj_000001.ply", "model_info": {"diameter": 172.063, "min_x": -51.1445, "min_y": -51.223, "min_z": -70.072, "size_x": 102.289, "size_y": 102.446, "size_z": 140.144, "symmetries_discrete": [[-1, -4.31991e-14, 0, 0, 4.31991e-14, -1, 0, 0, 0, 0, 1, 0, 0, 0, 0, 1]]}, "cam_K": [[1066.778, 0.0, 312.9869], [0.0, 1067.487, 241.3109], [0.0, 0.0, 1.0]], "img_crop": "./templates/ycbv_single_desc/obj_1/000018.png", "img_desc": "./templates/ycbv_single_desc/obj_1/000018.npy", "uv_crop": "./templates/ycbv_single_desc/obj_1/000018_uv.npy"}, {"img_id": "19", "img_name": "./templates/ycbv_single/obj_1/000019.png", "mask_name": "./templates/ycbv_single/obj_1/mask_000019.png", "obj_id": "1", "bbox_obj": [241, 152, 145, 191], "cam_R_m2c": [[-0.8525044087993635, 0.5227200330747309, 0.0], [-0.4901998221250037, -0.7994671776707752, -0.3472122783193877], [-0.181494813607063, -0.2959999980565496, 0.9377865608891289]], "cam_t_m2c": [2.2737367544323207e-14, -4.5474735088646414e-14, 800.0000155625613], "model_path": "./templates/ycbv_single/models/obj_000001.ply", "model_info": {"diameter": 172.063, "min_x": -51.1445, "min_y": -51.223, "min_z": -70.072, "size_x": 102.289, "size_y": 102.446, "size_z": 140.144, "symmetries_discrete": [[-1, -4.31991e-14, 0, 0, 4.31991e-14, -1, 0, 0, 0, 0, 1, 0, 0, 0, 0, 1]]}, "cam_K": [[1066.778, 0.0, 312.9869], [0.0, 1067.487, 241.3109], [0.0, 0.0, 1.0]], "img_crop": "./templates/ycbv_single_desc/obj_1/000019.png", "img_desc": "./templates/ycbv_single_desc/obj_1/000019.npy", "uv_crop": "./templates/ycbv_single_desc/obj_1/000019_uv.npy"}, {"img_id": "20", "img_name": "./templates/ycbv_single/obj_1/000020.png", "mask_name": "./templates/ycbv_single/obj_1/mask_000020.png", "obj_id": "1", "bbox_obj": [240, 152, 147, 191], "cam_R_m2c": [[0.760571584565876, -0.6492540833533144, 0.0], [0.6088616752162108, 0.7132537183422294, -0.34721260594035624], [0.22542920219852153, 0.26408004188130385, 0.9377864395885168]], "cam_t_m2c": [-0.0, -0.0, 800.0000173466136], "model_path": "./templates/ycbv_single/models/obj_000001.ply", "model_info": {"diameter": 172.063, "min_x": -51.1445, "min_y": -51.223, "min_z": -70.072, "size_x": 102.289, "size_y": 102.446, "size_z": 140.144, "symmetries_discrete": [[-1, -4.31991e-14, 0, 0, 4.31991e-14, -1, 0, 0, 0, 0, 1, 0, 0, 0, 0, 1]]}, "cam_K": [[1066.778, 0.0, 312.9869], [0.0, 1067.487, 241.3109], [0.0, 0.0, 1.0]], "img_crop": "./templates/ycbv_single_desc/obj_1/000020.png", "img_desc": "./templates/ycbv_single_desc/obj_1/000020.npy", "uv_crop": "./templates/ycbv_single_desc/obj_1/000020_uv.npy"}, {"img_id": "21", "img_name": "./templates/ycbv_single/obj_1/000021.png", "mask_name": "./templates/ycbv_single/obj_1/mask_000021.png", "obj_id": "1", "bbox_obj": [241, 152, 146, 191], "cam_R_m2c": [[-0.760571584565876, -0.6492540833533144, -0.0], [0.6088616752162108, -0.7132537183422294, -0.34721260594035624], [0.22542920219852153, -0.26408004188130385, 0.9377864395885168]], "cam_t_m2c": [-0.0, -0.0, 800.0000173466136], "model_path": "./templates/ycbv_single/models/obj_000001.ply", "model_info": {"diameter": 172.063, "min_x": -51.1445, "min_y": -51.223, "min_z": -70.072, "size_x": 102.289, "size_y": 102.446, "size_z": 140.144, "symmetries_discrete": [[-1, -4.31991e-14, 0, 0, 4.31991e-14, -1, 0, 0, 0, 0, 1, 0, 0, 0, 0, 1]]}, "cam_K": [[1066.778, 0.0, 312.9869], [0.0, 1067.487, 241.3109], [0.0, 0.0, 1.0]], "img_crop": "./templates/ycbv_single_desc/obj_1/000021.png", "img_desc": "./templates/ycbv_single_desc/obj_1/000021.npy", "uv_crop": "./templates/ycbv_single_desc/obj_1/000021_uv.npy"}, {"img_id": "22", "img_name": "./templates/ycbv_single/obj_1/000022.png", "mask_name": "./templates/ycbv_single/obj_1/mask_000022.png", "obj_id": "1", "bbox_obj": [240, 152, 146, 191], "cam_R_m2c": [[-0.23368999091868903, 0.9723111580890261, 0.0], [-0.9118199373673491, -0.2191512368341506, -0.34721338858613404], [-0.337599451960199, -0.08114029362554091, 0.9377861498159025]], "cam_t_m2c": [-1.1368683772161604e-14, 4.5474735088646414e-14, 800.0000103082472], "model_path": "./templates/ycbv_single/models/obj_000001.ply", "model_info": {"diameter": 172.063, "min_x": -51.1445, "min_y": -51.223, "min_z": -70.072, "size_x": 102.289, "size_y": 102.446, "size_z": 140.144, "symmetries_discrete": [[-1, -4.31991e-14, 0, 0, 4.31991e-14, -1, 0, 0, 0, 0, 1, 0, 0, 0, 0, 1]]}, "cam_K": [[1066.778, 0.0, 312.9869], [0.0, 1067.487, 241.3109], [0.0, 0.0, 1.0]], "img_crop": "./templates/ycbv_single_desc/obj_1/000022.png", "img_desc": "./templates/ycbv_single_desc/obj_1/000022.npy", "uv_crop": "./templates/ycbv_single_desc/obj_1/000022_uv.npy"}, {"img_id": "23", "img_name": "./templates/ycbv_single/obj_1/000023.png", "mask_name": "./templates/ycbv_single/obj_1/mask_000023.png", "obj_id": "1", "bbox_obj": [240, 152, 147, 191], "cam_R_m2c": [[0.23368999091868903, 0.9723111580890261, 0.0], [-0.9118199373673491, 0.2191512368341506, -0.34721338858613404], [-0.337599451960199, 0.08114029362554091, 0.9377861498159025]], "cam_t_m2c": [1.1368683772161604e-14, 4.5474735088646414e-14, 800.0000103082472], "model_path": "./templates/ycbv_single/models/obj_000001.ply", "model_info": {"diameter": 172.063, "min_x": -51.1445, "min_y": -51.223, "min_z": -70.072, "size_x": 102.289, "size_y": 102.446, "size_z": 140.144, "symmetries_discrete": [[-1, -4.31991e-14, 0, 0, 4.31991e-14, -1, 0, 0, 0, 0, 1, 0, 0, 0, 0, 1]]}, "cam_K": [[1066.778, 0.0, 312.9869], [0.0, 1067.487, 241.3109], [0.0, 0.0, 1.0]], "img_crop": "./templates/ycbv_single_desc/obj_1/000023.png", "img_desc": "./templates/ycbv_single_desc/obj_1/000023.npy", "uv_crop": "./templates/ycbv_single_desc/obj_1/000023_uv.npy"}, {"img_id": "24", "img_name": "./templates/ycbv_single/obj_1/000024.png", "mask_name": "./templates/ycbv_single/obj_1/mask_000024.png", "obj_id": "1", "bbox_obj": [240, 152, 147, 190], "cam_R_m2c": [[0.3824474826491375, -0.9239772307883661, 0.0], [0.8664928315755578, 0.35865386194294485, -0.3472140264182642], [0.32081785462082635, 0.13279113034413628, 0.9377859136596246]], "cam_t_m2c": [-1.1368683772161604e-14, -0.0, 800.0000083783412], "model_path": "./templates/ycbv_single/models/obj_000001.ply", "model_info": {"diameter": 172.063, "min_x": -51.1445, "min_y": -51.223, "min_z": -70.072, "size_x": 102.289, "size_y": 102.446, "size_z": 140.144, "symmetries_discrete": [[-1, -4.31991e-14, 0, 0, 4.31991e-14, -1, 0, 0, 0, 0, 1, 0, 0, 0, 0, 1]]}, "cam_K": [[1066.778, 0.0, 312.9869], [0.0, 1067.487, 241.3109], [0.0, 0.0, 1.0]], "img_crop": "./templates/ycbv_single_desc/obj_1/000024.png", "img_desc": "./templates/ycbv_single_desc/obj_1/000024.npy", "uv_crop": "./templates/ycbv_single_desc/obj_1/000024_uv.npy"}, {"img_id": "25", "img_name": "./templates/ycbv_single/obj_1/000025.png", "mask_name": "./templates/ycbv_single/obj_1/mask_000025.png", "obj_id": "1", "bbox_obj": [241, 152, 146, 191], "cam_R_m2c": [[-0.3824474826491375, -0.9239772307883661, -0.0], [0.8664928315755578, -0.35865386194294485, -0.3472140264182642], [0.32081785462082635, -0.13279113034413628, 0.9377859136596246]], "cam_t_m2c": [1.1368683772161604e-14, -0.0, 800.0000083783412], "model_path": "./templates/ycbv_single/models/obj_000001.ply", "model_info": {"diameter": 172.063, "min_x": -51.1445, "min_y": -51.223, "min_z": -70.072, "size_x": 102.289, "size_y": 102.446, "size_z": 140.144, "symmetries_discrete": [[-1, -4.31991e-14, 0, 0, 4.31991e-14, -1, 0, 0, 0, 0, 1, 0, 0, 0, 0, 1]]}, "cam_K": [[1066.778, 0.0, 312.9869], [0.0, 1067.487, 241.3109], [0.0, 0.0, 1.0]], "img_crop": "./templates/ycbv_single_desc/obj_1/000025.png", "img_desc": "./templates/ycbv_single_desc/obj_1/000025.npy", "uv_crop": "./templates/ycbv_single_desc/obj_1/000025_uv.npy"}, {"img_id": "26", "img_name": "./templates/ycbv_single/obj_1/000026.png", "mask_name": "./templates/ycbv_single/obj_1/mask_000026.png", "obj_id": "1", "bbox_obj": [241, 148, 146, 198], "cam_R_m2c": [[0.9510580579263986, -0.3090122496815731, 0.0], [0.28276026592736275, 0.8702613881771493, -0.4033506517419654], [0.12464029230531344, 0.3836098875090608, 0.9150454916228655]], "cam_t_m2c": [-0.0, 4.5474735088646414e-14, 800.0000071504818], "model_path": "./templates/ycbv_single/models/obj_000001.ply", "model_info": {"diameter": 172.063, "min_x": -51.1445, "min_y": -51.223, "min_z": -70.072, "size_x": 102.289, "size_y": 102.446, "size_z": 140.144, "symmetries_discrete": [[-1, -4.31991e-14, 0, 0, 4.31991e-14, -1, 0, 0, 0, 0, 1, 0, 0, 0, 0, 1]]}, "cam_K": [[1066.778, 0.0, 312.9869], [0.0, 1067.487, 241.3109], [0.0, 0.0, 1.0]], "img_crop": "./templates/ycbv_single_desc/obj_1/000026.png", "img_desc": "./templates/ycbv_single_desc/obj_1/000026.npy", "uv_crop": "./templates/ycbv_single_desc/obj_1/000026_uv.npy"}, {"img_id": "27", "img_name": "./templates/ycbv_single/obj_1/000027.png", "mask_name": "./templates/ycbv_single/obj_1/mask_000027.png", "obj_id": "1", "bbox_obj": [241, 148, 145, 198], "cam_R_m2c": [[-0.9510580579263986, -0.3090122496815731, -0.0], [0.28276026592736275, -0.8702613881771493, -0.4033506517419654], [0.12464029230531344, -0.3836098875090608, 0.9150454916228655]], "cam_t_m2c": [-0.0, 4.5474735088646414e-14, 800.0000071504818], "model_path": "./templates/ycbv_single/models/obj_000001.ply", "model_info": {"diameter": 172.063, "min_x": -51.1445, "min_y": -51.223, "min_z": -70.072, "size_x": 102.289, "size_y": 102.446, "size_z": 140.144, "symmetries_discrete": [[-1, -4.31991e-14, 0, 0, 4.31991e-14, -1, 0, 0, 0, 0, 1, 0, 0, 0, 0, 1]]}, "cam_K": [[1066.778, 0.0, 312.9869], [0.0, 1067.487, 241.3109], [0.0, 0.0, 1.0]], "img_crop": "./templates/ycbv_single_desc/obj_1/000027.png", "img_desc": "./templates/ycbv_single_desc/obj_1/000027.npy", "uv_crop": "./templates/ycbv_single_desc/obj_1/000027_uv.npy"}, {"img_id": "28", "img_name": "./templates/ycbv_single/obj_1/000028.png", "mask_name": "./templates/ycbv_single/obj_1/mask_000028.png", "obj_id": "1", "bbox_obj": [240, 148, 146, 198], "cam_R_m2c": [[-0.5877807991769739, 0.8090202297340147, 0.0], [-0.740290224705818, -0.5378461055832269, -0.4033509017145816], [-0.32631903916855276, -0.23708191535854983, 0.9150453814352782]], "cam_t_m2c": [-0.0, 4.5474735088646414e-14, 799.9999992630468], "model_path": "./templates/ycbv_single/models/obj_000001.ply", "model_info": {"diameter": 172.063, "min_x": -51.1445, "min_y": -51.223, "min_z": -70.072, "size_x": 102.289, "size_y": 102.446, "size_z": 140.144, "symmetries_discrete": [[-1, -4.31991e-14, 0, 0, 4.31991e-14, -1, 0, 0, 0, 0, 1, 0, 0, 0, 0, 1]]}, "cam_K": [[1066.778, 0.0, 312.9869], [0.0, 1067.487, 241.3109], [0.0, 0.0, 1.0]], "img_crop": "./templates/ycbv_single_desc/obj_1/000028.png", "img_desc": "./templates/ycbv_single_desc/obj_1/000028.npy", "uv_crop": "./templates/ycbv_single_desc/obj_1/000028_uv.npy"}, {"img_id": "29", "img_name": "./templates/ycbv_single/obj_1/000029.png", "mask_name": "./templates/ycbv_single/obj_1/mask_000029.png", "obj_id": "1", "bbox_obj": [240, 148, 146, 198], "cam_R_m2c": [[0.5877807991769739, 0.8090202297340147, 0.0], [-0.740290224705818, 0.5378461055832269, -0.4033509017145816], [-0.32631903916855276, 0.23708191535854983, 0.9150453814352782]], "cam_t_m2c": [-0.0, 4.5474735088646414e-14, 799.9999992630468], "model_path": "./templates/ycbv_single/models/obj_000001.ply", "model_info": {"diameter": 172.063, "min_x": -51.1445, "min_y": -51.223, "min_z": -70.072, "size_x": 102.289, "size_y": 102.446, "size_z": 140.144, "symmetries_discrete": [[-1, -4.31991e-14, 0, 0, 4.31991e-14, -1, 0, 0, 0, 0, 1, 0, 0, 0, 0, 1]]}, "cam_K": [[1066.778, 0.0, 312.9869], [0.0, 1067.487, 241.3109], [0.0, 0.0, 1.0]], "img_crop": "./templates/ycbv_single_desc/obj_1/000029.png", "img_desc": "./templates/ycbv_single_desc/obj_1/000029.npy", "uv_crop": "./templates/ycbv_single_desc/obj_1/000029_uv.npy"}, {"img_id": "30", "img_name": "./templates/ycbv_single/obj_1/000030.png", "mask_name": "./templates/ycbv_single/obj_1/mask_000030.png", "obj_id": "1", "bbox_obj": [241, 148, 146, 198], "cam_R_m2c": [[0.0, -1.0, 0.0], [0.915043900351213, 0.0, -0.40335426169812494], [0.40335426169812494, 0.0, 0.915043900351213]], "cam_t_m2c": [-0.0, -0.0, 799.9999913665465], "model_path": "./templates/ycbv_single/models/obj_000001.ply", "model_info": {"diameter": 172.063, "min_x": -51.1445, "min_y": -51.223, "min_z": -70.072, "size_x": 102.289, "size_y": 102.446, "size_z": 140.144, "symmetries_discrete": [[-1, -4.31991e-14, 0, 0, 4.31991e-14, -1, 0, 0, 0, 0, 1, 0, 0, 0, 0, 1]]}, "cam_K": [[1066.778, 0.0, 312.9869], [0.0, 1067.487, 241.3109], [0.0, 0.0, 1.0]], "img_crop": "./templates/ycbv_single_desc/obj_1/000030.png", "img_desc": "./templates/ycbv_single_desc/obj_1/000030.npy", "uv_crop": "./templates/ycbv_single_desc/obj_1/000030_uv.npy"}, {"img_id": "31", "img_name": "./templates/ycbv_single/obj_1/000031.png", "mask_name": "./templates/ycbv_single/obj_1/mask_000031.png", "obj_id": "1", "bbox_obj": [241, 145, 145, 203], "cam_R_m2c": [[0.9510548286483516, 0.30902218836946765, 0.0], [-0.2763986793395427, 0.8506518577352481, -0.44720821435985275], [-0.13819726105828367, 0.42531953167814496, 0.8944298815497345]], "cam_t_m2c": [-2.2737367544323207e-14, -4.5474735088646414e-14, 799.9999829607684], "model_path": "./templates/ycbv_single/models/obj_000001.ply", "model_info": {"diameter": 172.063, "min_x": -51.1445, "min_y": -51.223, "min_z": -70.072, "size_x": 102.289, "size_y": 102.446, "size_z": 140.144, "symmetries_discrete": [[-1, -4.31991e-14, 0, 0, 4.31991e-14, -1, 0, 0, 0, 0, 1, 0, 0, 0, 0, 1]]}, "cam_K": [[1066.778, 0.0, 312.9869], [0.0, 1067.487, 241.3109], [0.0, 0.0, 1.0]], "img_crop": "./templates/ycbv_single_desc/obj_1/000031.png", "img_desc": "./templates/ycbv_single_desc/obj_1/000031.npy", "uv_crop": "./templates/ycbv_single_desc/obj_1/000031_uv.npy"}, {"img_id": "32", "img_name": "./templates/ycbv_single/obj_1/000032.png", "mask_name": "./templates/ycbv_single/obj_1/mask_000032.png", "obj_id": "1", "bbox_obj": [241, 145, 145, 203], "cam_R_m2c": [[-0.9510548090628093, 0.3090222486464416, 0.0], [-0.2763987321146936, -0.8506518367138595, -0.44720822172756103], [-0.13819729029142735, -0.42531952992642397, 0.8944298778659356]], "cam_t_m2c": [-0.0, -4.5474735088646414e-14, 799.9999862556482], "model_path": "./templates/ycbv_single/models/obj_000001.ply", "model_info": {"diameter": 172.063, "min_x": -51.1445, "min_y": -51.223, "min_z": -70.072, "size_x": 102.289, "size_y": 102.446, "size_z": 140.144, "symmetries_discrete": [[-1, -4.31991e-14, 0, 0, 4.31991e-14, -1, 0, 0, 0, 0, 1, 0, 0, 0, 0, 1]]}, "cam_K": [[1066.778, 0.0, 312.9869], [0.0, 1067.487, 241.3109], [0.0, 0.0, 1.0]], "img_crop": "./templates/ycbv_single_desc/obj_1/000032.png", "img_desc": "./templates/ycbv_single_desc/obj_1/000032.npy", "uv_crop": "./templates/ycbv_single_desc/obj_1/000032_uv.npy"}, {"img_id": "33", "img_name": "./templates/ycbv_single/obj_1/000033.png", "mask_name": "./templates/ycbv_single/obj_1/mask_000033.png", "obj_id": "1", "bbox_obj": [241, 146, 145, 202], "cam_R_m2c": [[0.5877847203344576, -0.8090173808648015, 0.0], [0.7236087730899597, 0.5257318203319542, -0.4472095667555571], [0.3618003123942634, 0.2628629501263091, 0.8944292053607747]], "cam_t_m2c": [-0.0, -4.5474735088646414e-14, 800.0000013303411], "model_path": "./templates/ycbv_single/models/obj_000001.ply", "model_info": {"diameter": 172.063, "min_x": -51.1445, "min_y": -51.223, "min_z": -70.072, "size_x": 102.289, "size_y": 102.446, "size_z": 140.144, "symmetries_discrete": [[-1, -4.31991e-14, 0, 0, 4.31991e-14, -1, 0, 0, 0, 0, 1, 0, 0, 0, 0, 1]]}, "cam_K": [[1066.778, 0.0, 312.9869], [0.0, 1067.487, 241.3109], [0.0, 0.0, 1.0]], "img_crop": "./templates/ycbv_single_desc/obj_1/000033.png", "img_desc": "./templates/ycbv_single_desc/obj_1/000033.npy", "uv_crop": "./templates/ycbv_single_desc/obj_1/000033_uv.npy"}, {"img_id": "34", "img_name": "./templates/ycbv_single/obj_1/000034.png", "mask_name": "./templates/ycbv_single/obj_1/mask_000034.png", "obj_id": "1", "bbox_obj": [241, 145, 146, 203], "cam_R_m2c": [[-0.5877847203344576, -0.8090173808648015, -0.0], [0.7236087730899597, -0.5257318203319542, -0.4472095667555571], [0.3618003123942634, -0.2628629501263091, 0.8944292053607747]], "cam_t_m2c": [-0.0, -4.5474735088646414e-14, 800.0000013303411], "model_path": "./templates/ycbv_single/models/obj_000001.ply", "model_info": {"diameter": 172.063, "min_x": -51.1445, "min_y": -51.223, "min_z": -70.072, "size_x": 102.289, "size_y": 102.446, "size_z": 140.144, "symmetries_discrete": [[-1, -4.31991e-14, 0, 0, 4.31991e-14, -1, 0, 0, 0, 0, 1, 0, 0, 0, 0, 1]]}, "cam_K": [[1066.778, 0.0, 312.9869], [0.0, 1067.487, 241.3109], [0.0, 0.0, 1.0]], "img_crop": "./templates/ycbv_single_desc/obj_1/000034.png", "img_desc": "./templates/ycbv_single_desc/obj_1/000034.npy", "uv_crop": "./templates/ycbv_single_desc/obj_1/000034_uv.npy"}, {"img_id": "35", "img_name": "./templates/ycbv_single/obj_1/000035.png", "mask_name": "./templates/ycbv_single/obj_1/mask_000035.png", "obj_id": "1", "bbox_obj": [241, 145, 145, 204], "cam_R_m2c": [[0.0, 1.0, 0.0], [-0.8944290387362918, 0.0, -0.4472099000081205], [-0.4472099000081205, 0.0, 0.8944290387362918]], "cam_t_m2c": [-0.0, -0.0, 799.9999904277871], "model_path": "./templates/ycbv_single/models/obj_000001.ply", "model_info": {"diameter": 172.063, "min_x": -51.1445, "min_y": -51.223, "min_z": -70.072, "size_x": 102.289, "size_y": 102.446, "size_z": 140.144, "symmetries_discrete": [[-1, -4.31991e-14, 0, 0, 4.31991e-14, -1, 0, 0, 0, 0, 1, 0, 0, 0, 0, 1]]}, "cam_K": [[1066.778, 0.0, 312.9869], [0.0, 1067.487, 241.3109], [0.0, 0.0, 1.0]], "img_crop": "./templates/ycbv_single_desc/obj_1/000035.png", "img_desc": "./templates/ycbv_single_desc/obj_1/000035.npy", "uv_crop": "./templates/ycbv_single_desc/obj_1/000035_uv.npy"}, {"img_id": "36", "img_name": "./templates/ycbv_single/obj_1/000036.png", "mask_name": "./templates/ycbv_single/obj_1/mask_000036.png", "obj_id": "1", "bbox_obj": [241, 144, 145, 205], "cam_R_m2c": [[-0.9996565310923069, -0.026207247938227214, -0.0], [0.023151961380746513, -0.8831148335915537, -0.4685852935963598], [0.012280330969486794, -0.4684243491174072, 0.8834182602964539]], "cam_t_m2c": [1.4210854715202005e-15, 4.5474735088646414e-14, 800.00000154708], "model_path": "./templates/ycbv_single/models/obj_000001.ply", "model_info": {"diameter": 172.063, "min_x": -51.1445, "min_y": -51.223, "min_z": -70.072, "size_x": 102.289, "size_y": 102.446, "size_z": 140.144, "symmetries_discrete": [[-1, -4.31991e-14, 0, 0, 4.31991e-14, -1, 0, 0, 0, 0, 1, 0, 0, 0, 0, 1]]}, "cam_K": [[1066.778, 0.0, 312.9869], [0.0, 1067.487, 241.3109], [0.0, 0.0, 1.0]], "img_crop": "./templates/ycbv_single_desc/obj_1/000036.png", "img_desc": "./templates/ycbv_single_desc/obj_1/000036.npy", "uv_crop": "./templates/ycbv_single_desc/obj_1/000036_uv.npy"}, {"img_id": "37", "img_name": "./templates/ycbv_single/obj_1/000037.png", "mask_name": "./templates/ycbv_single/obj_1/mask_000037.png", "obj_id": "1", "bbox_obj": [241, 144, 145, 205], "cam_R_m2c": [[0.9996565302591938, -0.026207279716703693, 0.0], [0.023151989450196312, 0.8831148326939642, -0.4685852939011315], [0.012280345868400764, 0.4684243490316897, 0.8834182601347962]], "cam_t_m2c": [-0.0, -0.0, 800.0000016934732], "model_path": "./templates/ycbv_single/models/obj_000001.ply", "model_info": {"diameter": 172.063, "min_x": -51.1445, "min_y": -51.223, "min_z": -70.072, "size_x": 102.289, "size_y": 102.446, "size_z": 140.144, "symmetries_discrete": [[-1, -4.31991e-14, 0, 0, 4.31991e-14, -1, 0, 0, 0, 0, 1, 0, 0, 0, 0, 1]]}, "cam_K": [[1066.778, 0.0, 312.9869], [0.0, 1067.487, 241.3109], [0.0, 0.0, 1.0]], "img_crop": "./templates/ycbv_single_desc/obj_1/000037.png", "img_desc": "./templates/ycbv_single_desc/obj_1/000037.npy", "uv_crop": "./templates/ycbv_single_desc/obj_1/000037_uv.npy"}, {"img_id": "38", "img_name": "./templates/ycbv_single/obj_1/000038.png", "mask_name": "./templates/ycbv_single/obj_1/mask_000038.png", "obj_id": "1", "bbox_obj": [241, 144, 145, 205], "cam_R_m2c": [[-0.793328270092847, 0.6087940997344594, 0.0], [-0.53781975508429, -0.7008405897969118, -0.4685855084551709], [-0.28527209276857973, -0.3717421308133179, 0.8834181463303824]], "cam_t_m2c": [2.2737367544323207e-14, 4.5474735088646414e-14, 799.9999967989613], "model_path": "./templates/ycbv_single/models/obj_000001.ply", "model_info": {"diameter": 172.063, "min_x": -51.1445, "min_y": -51.223, "min_z": -70.072, "size_x": 102.289, "size_y": 102.446, "size_z": 140.144, "symmetries_discrete": [[-1, -4.31991e-14, 0, 0, 4.31991e-14, -1, 0, 0, 0, 0, 1, 0, 0, 0, 0, 1]]}, "cam_K": [[1066.778, 0.0, 312.9869], [0.0, 1067.487, 241.3109], [0.0, 0.0, 1.0]], "img_crop": "./templates/ycbv_single_desc/obj_1/000038.png", "img_desc": "./templates/ycbv_single_desc/obj_1/000038.npy", "uv_crop": "./templates/ycbv_single_desc/obj_1/000038_uv.npy"}, {"img_id": "39", "img_name": "./templates/ycbv_single/obj_1/000039.png", "mask_name": "./templates/ycbv_single/obj_1/mask_000039.png", "obj_id": "1", "bbox_obj": [240, 144, 146, 206], "cam_R_m2c": [[0.793328270092847, 0.6087940997344594, 0.0], [-0.53781975508429, 0.7008405897969118, -0.4685855084551709], [-0.28527209276857973, 0.3717421308133179, 0.8834181463303824]], "cam_t_m2c": [-2.2737367544323207e-14, 4.5474735088646414e-14, 799.9999967989613], "model_path": "./templates/ycbv_single/models/obj_000001.ply", "model_info": {"diameter": 172.063, "min_x": -51.1445, "min_y": -51.223, "min_z": -70.072, "size_x": 102.289, "size_y": 102.446, "size_z": 140.144, "symmetries_discrete": [[-1, -4.31991e-14, 0, 0, 4.31991e-14, -1, 0, 0, 0, 0, 1, 0, 0, 0, 0, 1]]}, "cam_K": [[10